124,4
124,3
124,2
124,1
124,0
123,4
123,3
123,2
123,1
123,0
122,3
122,2
122,1
122,0
121,5
121,4
121,3
121,2
0,533
0,532
121,1
121,0
120,4
120,3
120,2
120,1
120,0
119,3
119,2
119,1
119,0
118,5
118,4
118,3
118,2
118,1
118,0
117,4
117,3
117,2
117,1
117,0
116,3
116,2
116,1
116,0
115,3
115,2
115,1
115,0
114,3
114,2
114,1
114,0
113,4
113,3
113,2
113,1
113,0
112,3
112,2
112,1
112,0
111,5
0,531
111,4
111,3
111,2
111,1
111,0
0,530
110,4
0,529
110,3
110,2
0,528
110,1
110,0
0,527
109,4
0,526
109,3
109,2
109,1
109,0
108,4
0,525
108,3
108,2
108,1
108,0
107,3
107,2
107,1
107,0
106,5
106,4
106,3
106,2
106,1
106,0
105,4
105,3
105,2
105,1
105,0
104,3
104,2
104,1
104,0
103,3
103,2
103,1
103,0
102,4
102,3
102,2
102,1
102,0
101,3
101,2
101,1
101,0
0,524
100,5
100,4
0,523
100,3
100,2
100,1
100,0
0,522
99,4
0,521
0,520
99,3
99,2
99,1
99,0
0,519
98,4
0,518
98,3
98,2
98,1
98,0
97,4
0,517
97,3
97,2
97,1
97,0
96,3
96,2
96,1
96,0
95,4
95,3
95,2
95,1
95,0
94,3
94,2
94,1
94,0
93,3
93,2
93,1
93,0
92,5
92,4
92,3
92,2
92,1
92,0
91,4
91,3
91,2
91,1
91,0
90,4
90,3
90,2
90,1
90,0
89,4
89,3
89,2
0,516
89,1
89,0
88,3
88,2
88,1
88,0
87,5
87,4
87,3
87,2
87,1
87,0
86,4
86,3
86,2
86,1
86,0
85,3
85,2
85,1
85,0
84,4
84,3
84,2
84,1
84,0
83,3
83,2
